0.7917327880859375
0.5833449363708496
0.6449562311172485
0.6056026220321655
0.6177808046340942
0.6940633654594421
0.8961387872695923
1.4829055070877075
4.194665431976318
9.185528755187988
7.900609970092773
6.792814254760742
8.908170700073242
10.11866283416748
10.10854721069336
0.9285317063331604
6.181375503540039
9.640584945678711
10.883216857910156
12.396867752075195
12.676154136657715
5.181049346923828
4.318909168243408
3.903944730758667
7.985052108764648
8.533204078674316
6.94244384765625
3.8061470985412598
6.071769714355469
6.865194797515869
9.445143699645996
6.961248874664307
6.416512489318848
10.480356216430664
12.442205429077148
10.634831428527832
12.503137588500977
0.3643576502799988
7.263339042663574
7.70587158203125
9.432645797729492
7.683799743652344
9.922761917114258
10.845719337463379
10.389313697814941
5.770391464233398
6.391876697540283
8.344968795776367
5.803667068481445
7.779909133911133
9.219972610473633
4.702884674072266
2.7897350788116455
8.362955093383789
8.803533554077148
10.079427719116211
5.529842853546143
4.219580173492432
8.406658172607422
7.422638893127441
4.663157939910889
11.067317962646484
8.182482719421387
12.588459014892578
11.6847562789917
14.920768737792969
13.875633239746094
17.011661529541016
7.245723724365234
11.985807418823242
11.590352058410645
13.441091537475586
14.941900253295898
17.02881622314453
18.21870231628418
15.346624374389648
15.39847183227539
3.414555072784424
7.747798442840576
10.091123580932617
11.388847351074219
10.441488265991211
8.800893783569336
8.702960968017578
0.8084381818771362
9.760519027709961
11.06234359741211
14.24925422668457
16.542051315307617
5.956038951873779
7.050849437713623
6.316514015197754
9.428203582763672
10.633871078491211
10.682409286499023
14.432957649230957
13.809335708618164
9.470919609069824
13.94006633758545
24.12567710876465
22.84930419921875
6.887990474700928
10.155887603759766
12.668071746826172
11.91130542755127
3.02400279045105
9.537513732910156
4.503889083862305
12.709717750549316
15.422758102416992
6.195582389831543
7.226606369018555
8.873069763183594
0.49611231684684753
6.263382911682129
7.777464866638184
12.142692565917969
12.686117172241211
13.057426452636719
6.888972282409668
11.93852424621582
10.093732833862305
11.920575141906738
13.337695121765137
12.964683532714844
13.500244140625
2.629092216491699
9.462066650390625
14.04013442993164
10.140880584716797
12.950572967529297
8.5794038772583
8.76022720336914
6.784115314483643
2.675649642944336
10.034239768981934
15.299169540405273
5.463015079498291
9.38663101196289
12.610547065734863
14.244438171386719
8.206892967224121
11.46754264831543
12.014104843139648
12.655597686767578
9.517837524414062
11.20431900024414
9.369424819946289
12.218388557434082
5.03159236907959
10.30514144897461
13.841599464416504
7.460932731628418
6.234888076782227
10.583248138427734
11.76063346862793
6.291861057281494
2.0160179138183594
5.266805171966553
7.158390522003174
8.10725212097168
11.856304168701172
6.976545333862305
12.442212104797363
11.283529281616211
10.557933807373047
8.537371635437012
12.952842712402344
8.721586227416992
6.8680419921875
5.561999320983887
4.665715217590332
5.6223530769348145
8.248180389404297
4.264110565185547
5.150731563568115
4.8376054763793945
9.892948150634766
5.360940933227539
3.235764980316162
4.520071983337402
4.663426399230957
5.60874605178833
0.530164361000061
5.605236053466797
3.3132615089416504
6.15655517578125
3.5175039768218994
3.00165057182312
12.431926727294922
2.870021343231201
4.01357364654541
7.198360919952393
3.0940661430358887
5.141319274902344
8.174600601196289
5.8352789878845215
7.514554023742676
9.694366455078125
3.0771703720092773
7.47581672668457
8.112983703613281
7.584975242614746
6.179956912994385
7.72541618347168
10.847987174987793
6.080875396728516
6.9453535079956055
4.627530097961426
5.898919582366943
7.258890151977539
4.846373081207275
4.098188400268555
5.127438068389893
7.337392807006836
6.855098724365234
5.011995792388916
6.715517997741699
3.4427757263183594
4.152594566345215
5.34739875793457
6.973483085632324
5.9606614112854
8.747542381286621
3.681131601333618
5.132349967956543
1.1595237255096436
4.72662353515625
4.675293445587158
5.369523048400879
6.578301429748535
7.56530237197876
3.8260533809661865
1.8143951892852783
4.195984840393066
6.774546146392822
8.149084091186523
5.501173973083496
4.608889102935791
5.481683254241943
5.533651351928711
3.3608436584472656
2.3139684200286865
4.968271255493164
4.2591705322265625
2.32991099357605
4.990090370178223
5.778895378112793
2.7698264122009277
5.553997993469238
4.712495803833008
5.205173015594482
6.7250237464904785
6.474237442016602
4.839653968811035
4.7920074462890625
4.160172462463379
4.100778102874756
7.9553327560424805
3.822469711303711
4.191617965698242
5.736882209777832
5.367291450500488
4.427924156188965
3.073124885559082
10.650840759277344
5.308689117431641
4.4468488693237305
4.551511764526367
4.912933826446533
5.052812576293945
4.360438346862793
6.577419281005859
2.317075729370117
4.594382286071777
0.17970529198646545
5.365434646606445
4.993686199188232
5.0016374588012695
5.973392486572266
4.171104431152344
7.162041664123535
6.985973358154297
7.82252311706543
5.665218830108643
5.457728385925293
3.9945895671844482
4.791757583618164
2.452073574066162
4.133512020111084
2.879671573638916
5.390543460845947
8.659936904907227
2.8743934631347656
2.693021297454834
3.844585418701172
0.07569396495819092
3.4164671897888184
2.9042415618896484
4.566015243530273
