0.9032375812530518
1.5995512008666992
1.2190916538238525
1.8874679803848267
1.0882840156555176
1.0362379550933838
1.1653263568878174
1.7103047370910645
1.8718485832214355
1.2253894805908203
1.2342009544372559
0.9196139574050903
2.2105138301849365
2.9352946281433105
1.2083945274353027
3.7442870140075684
3.1223833560943604
2.3447299003601074
1.7288775444030762
1.9281824827194214
2.001006603240967
4.116388320922852
2.151215076446533
1.5702929496765137
4.4557576179504395
1.967729926109314
2.0150434970855713
2.6722092628479004
3.4624335765838623
2.226634979248047
2.7472128868103027
2.592653274536133
2.1455798149108887
2.244734764099121
3.504258871078491
3.23795747756958
2.667743682861328
3.5959372520446777
1.8809893131256104
1.9473297595977783
6.298070907592773
3.3149547576904297
2.315361738204956
4.787302494049072
2.89530611038208
3.5052971839904785
2.8390748500823975
0.8643443584442139
3.017152786254883
3.3902130126953125
2.359163999557495
3.996490001678467
5.426506996154785
2.8568520545959473
2.7801318168640137
3.259556770324707
8.944326400756836
5.373095989227295
2.9975357055664062
3.389463424682617
3.861052989959717
1.3877649307250977
4.363466739654541
3.787100315093994
1.0776528120040894
4.570296764373779
1.7284648418426514
2.3437304496765137
4.911856651306152
2.8443546295166016
2.09904146194458
1.6728391647338867
4.518718719482422
2.022078514099121
3.018383264541626
4.4070916175842285
5.308892250061035
3.544689655303955
3.165475845336914
3.920785427093506
5.58978796005249
1.443164587020874
3.512573480606079
4.626734733581543
1.2046749591827393
6.736984729766846
4.087891578674316
4.107444763183594
4.261667251586914
0.9967890977859497
3.521559000015259
3.1942977905273438
4.563037872314453
3.724491596221924
5.637925148010254
2.0876924991607666
2.699368476867676
0.27598413825035095
5.399221420288086
3.139580249786377
4.6039137840271
0.4585348963737488
3.5665669441223145
5.02032995223999
4.096248149871826
4.213332176208496
5.794009208679199
4.993745803833008
5.60765266418457
8.232030868530273
3.531097412109375
3.993098258972168
4.250760078430176
3.800755500793457
5.963483810424805
7.726805686950684
3.034557819366455
4.867142677307129
2.5478968620300293
1.986332654953003
5.653563499450684
1.9802781343460083
1.644773244857788
5.074871063232422
2.769196033477783
4.878569602966309
7.222536087036133
5.758138656616211
5.185778617858887
6.185159683227539
5.388394355773926
6.552000045776367
1.5335116386413574
5.203351020812988
4.7180681228637695
9.559293746948242
4.869682312011719
4.589290618896484
5.691596984863281
5.71683406829834
5.331028938293457
5.260117530822754
6.281128883361816
4.455158233642578
6.014657974243164
4.216465473175049
3.50836181640625
1.7747397422790527
3.036430597305298
7.638823509216309
4.582781791687012
7.034818172454834
5.312726020812988
7.996225357055664
4.078789710998535
2.8162689208984375
5.43751335144043
7.59466552734375
6.389651298522949
5.8904500007629395
5.225064277648926
6.94484281539917
3.542386054992676
1.7907068729400635
5.262625217437744
7.35428524017334
3.678894281387329
6.86920166015625
5.512755393981934
4.345909118652344
5.061333656311035
3.3489577770233154
3.2982826232910156
7.743869304656982
5.074938774108887
5.708994388580322
5.692781448364258
3.64693021774292
6.104043960571289
5.4870147705078125
2.1124520301818848
6.137603759765625
4.07987117767334
5.823144912719727
6.136063098907471
8.857571601867676
2.714115858078003
3.7350430488586426
6.630202293395996
7.024650573730469
4.763664245605469
7.1584367752075195
6.2375688552856445
4.275223731994629
6.0433220863342285
3.347268581390381
1.3754513263702393
6.410527229309082
5.669800281524658
6.854973793029785
7.274852752685547
3.769395112991333
6.755980491638184
3.775679111480713
7.427988529205322
5.215582370758057
4.6744384765625
5.232150554656982
8.107828140258789
7.908597469329834
4.058801174163818
4.635995864868164
5.429048538208008
6.429834842681885
2.988414764404297
4.089795112609863
5.464980602264404
6.388848304748535
8.909134864807129
5.148072242736816
3.142601251602173
3.4244494438171387
6.237987518310547
8.207615852355957
2.3130877017974854
4.055875301361084
4.935902118682861
2.7890419960021973
1.3999994993209839
4.483340263366699
8.876672744750977
8.31849193572998
1.750329852104187
5.044341087341309
8.335561752319336
5.712527275085449
5.294230937957764
6.732994079589844
7.131562232971191
5.065314292907715
7.342877388000488
6.300282955169678
3.75229811668396
7.252920627593994
5.555965900421143
4.429352760314941
4.32755184173584
7.140656471252441
7.380099773406982
4.3977861404418945
6.251063346862793
2.756908893585205
4.936224937438965
8.369396209716797
7.124107360839844
4.558587074279785
5.346277236938477
5.808968544006348
8.159147262573242
3.949587106704712
4.09204626083374
4.029687881469727
5.423932075500488
5.756111145019531
6.029381275177002
4.628818511962891
5.191746711730957
6.143003940582275
6.764459609985352
5.237637996673584
10.532400131225586
6.408226490020752
4.988550186157227
6.787734508514404
3.261840581893921
3.8193583488464355
4.892161846160889
5.89300537109375
3.4159493446350098
6.764797210693359
7.039190292358398
7.2872843742370605
3.727802276611328
5.457027435302734
4.160125732421875
5.703810691833496
1.9038175344467163
6.884785175323486
7.977621555328369
6.980163097381592
6.314186096191406
8.380203247070312
6.835679054260254
7.145035743713379
2.5160932540893555
4.785510063171387
5.782254219055176
3.290586233139038
6.035184860229492
6.287387847900391
